1 hmap /hmap_vert.glsl /hmap_frag.glsl 6 LS M P V lightDir shadowDepth 2 vertNor vertPos 
1 reg /simple_vert.glsl /simple_frag.glsl 11 LS M P V albedo emissivity lightColor lightDir reflectance roughness shadowDepth 3 vertNor vertPos vertTex 
1 skybox /skybox_vert.glsl /skybox_frag.glsl 4 M P Texture0 V 3 vertNor vertPos vertTex 
1 tex /tex_vert.glsl /tex_frag0.glsl 13 LS M P Texture0 V albedo emissivity flip lightColor lightDir reflectance roughness shadowDepth 3 vertNor vertPos vertTex 
4 cheeseTex /cheese_Base_color.png
4 sky /sky.jpg
2 bunny /bunny.obj Bunny 0.300000 0.300000 0.100000 0.500000 0.300000 0.400000 0.200000 0.230000 0.200000 0.600000 0.500000 0.500000 0.500000
2 butterflyBody /butterfly.obj obj1 0.100000 0.100000 0.100000 0.020000 0.020000 0.020000 0.250000 0.230000 0.300000 0.900000 0.500000 0.500000 0.500000
2 butterflyW1_A /butterfly.obj obj2 0.400000 0.200000 0.200000 0.940000 0.230000 0.200000 0.900000 0.230000 0.200000 0.600000 0.500000 0.500000 0.500000
2 butterflyW2_A /butterfly.obj obj3 0.400000 0.200000 0.200000 0.940000 0.230000 0.200000 0.900000 0.230000 0.200000 0.600000 0.500000 0.500000 0.500000
2 cheeseShape /cheese.obj Cheese 1.000000 1.000000 1.000000 1.000000 1.000000 1.000000 0.000000 0.000000 0.000000 0.300000 0.300000 0.300000 0.000000
2 cubeG /cube.obj Cube 0.100000 0.800000 0.100000 0.020000 0.800000 0.700000 0.200000 0.730000 0.200000 7.000000 0.500000 0.500000 0.500000
2 cubeR /cube.obj Cube 0.900000 0.100000 0.100000 0.100000 0.900000 0.020000 0.800000 0.100000 0.200000 0.100000 0.500000 0.500000 0.500000
2 flowerA /flowernoNorm.obj flower 0.200000 0.100000 0.100000 0.940000 0.420000 0.640000 0.700000 0.230000 0.600000 100.000000 0.500000 0.500000 0.500000
2 flowerB /flowernoNorm.obj flower 0.100000 0.100000 0.100000 0.940000 0.720000 0.220000 0.230000 0.230000 0.200000 100.000000 0.500000 0.500000 0.500000
2 flowerC /flowernoNorm.obj flower 0.050000 0.150000 0.050000 0.240000 0.920000 0.410000 1.000000 1.000000 1.000000 1.000000 0.500000 0.500000 0.500000
2 sphereSky /sphereWTex.obj Sphere 1.000000 1.000000 1.000000 1.000000 1.000000 1.000000 0.000000 0.000000 0.000000 0.000000 0.000000 0.000000 0.000000
3 bunny player reg 1 bunny 0 7.050340 -5.813725 17.017756 0.000000 -7.949946 0.000000 1.000000 1.000000 1.000000
3 butterfly1  reg 3 butterflyBody butterflyW1_A butterflyW2_A 0 2.380000 -5.010000 19.600000 0.000000 0.000000 0.000000 0.700000 0.720000 0.700000
3 cheese  tex 1 cheeseShape 1 cheeseTex 0.000000 -6.280000 7.270000 0.000000 0.000000 0.000000 1.000000 1.000000 1.000000
3 cube1  reg 1 cubeG 0 -6.110000 -4.130000 13.550000 0.000000 1.000000 0.000000 3.750000 0.530000 5.710000
3 cube2  reg 1 cubeR 0 -3.990000 -2.550000 9.810000 0.174533 -1.038471 0.000000 2.840000 0.290000 3.040000
3 cube3  reg 1 cubeR 0 -7.650000 -3.080000 16.750000 -0.357792 -0.759218 1.000000 0.400000 4.130000 1.880000
3 flower1  reg 1 flowerA 0 7.370000 -5.970000 10.040000 0.000000 0.000000 0.000000 1.000000 1.000000 1.000000
3 flower2  reg 1 flowerB 0 -5.760000 -3.780000 6.320000 0.000000 0.400000 0.000000 1.000000 1.000000 1.000000
3 flower3  reg 1 flowerC 0 0.550000 -4.840000 5.320000 0.000000 -0.700000 0.000000 1.000000 1.000000 1.000000
3 flower4  reg 1 flowerA 0 -8.220000 -4.200000 18.719999 0.000000 1.200000 0.000000 1.000000 1.000000 1.000000
3 flower5  reg 1 flowerB 0 12.450000 -6.250000 16.059999 0.000000 -0.200000 0.000000 1.000000 1.000000 1.000000
3 flower6  reg 1 flowerC 0 9.070000 -5.990000 19.000000 0.000000 0.700000 0.000000 1.000000 1.000000 1.000000
3 flower7  reg 1 flowerA 0 2.500000 -5.380000 16.260000 0.000000 -0.162839 0.000000 1.000000 1.000000 1.000000
3 skybox  skybox 1 sphereSky 1 sky 0.000000 0.000000 4.000000 0.000000 0.000000 0.000000 1000.000000 1000.000000 1000.000000
